angle_aware:
  sigma: 0.1
  delta_decrease: 5
  gamma: 0.01
  alpha: 1
  phi:
    range: [[0.5, 3], [0.5, 4.8], [1.5,1.5],  [-1.5707963, -1.0471975511965976], [-3.14159265358979,3.14159265358979]] #xyzvh, v:[-pi/2, -pi/3,]
    density: [0.05, 0.05, 0.05, 0.10471975511965977, 0.2617993878]  #v: pi/30, h: pi/12
  psi:
    range: [[0.3, 3.2], [0.3, 5]]
    density: [0.05, 0.05]
    npy_name: psi_0226.npy
  slack_cost: 100000
  unom_max: 0.1