
angle_aware:
  sigma: 0.1
  delta_decrease: 5
  gamma: 0.15
  alpha: 1
  phi:
    range: [[-0.25, 0.25], [-0.25, 0.25], [-0.4,0.4], [1.1780972450961724, 1.5707963], [-3.14159265358979,3.14159265358979]] #xyzvh, v:[pi *3/8, pi/2]
    density: [0.25, 0.25, 0.4, 0.09817477042468103, 0.2617993878]  #v: pi/32, h: pi/12
    r: 0.25
  tau: 0.2
  ref_z: 1.5
  slack_cost: 1000
  unom_max: 0.1
